[array([0.65, 0.65]), array([0.787878, 0.959595]), array([0.40404 , 0.262626, 0.      ]), array([0.259511, 0.301324, 0.374931, 0.469123]), array([0.002282, 0.103012, 0.012698, 0.015942]), array([0.41094 , 0.738891, 0.060417, 0.33709 , 0.151347]), array([0.018803, 0.922688, 0.971516, 0.39696 , 0.118397, 0.892661]), array([0.061   , 0.081943, 0.021147, 0.062924, 0.70612 , 0.751982,
       0.214847, 0.969102])]
[array([0.628535, 0.628545]), array([0.868686, 0.777777]), array([0.090593, 0.154418, 0.754988]), array([0.36072 , 0.317768, 0.368493, 0.367156]), array([0.292948, 0.320623, 0.      , 0.785236]), array([0.848435, 0.954611, 0.208151, 0.075158, 0.858138]), array([0.003691, 0.909525, 0.996434, 0.118844, 0.2342  , 0.960037]), array([0.224559, 0.278259, 0.      , 0.183663, 0.658139, 0.468604,
       0.121383, 0.46794 ])]
[array([0.628539, 0.628539]), array([0.428459, 0.445764]), array([0.530233, 0.531118, 0.479103]), array([0.578404, 0.438635, 0.274975, 0.333669]), array([0.999881, 0.99972 , 0.999867, 0.999505]), array([0.463683, 0.339537, 0.490587, 0.749776, 0.161738]), array([0.052657, 0.291169, 0.359163, 0.018632, 0.339298, 0.705774]), array([0.172492, 0.235023, 0.00269 , 0.209053, 0.653395, 0.438981,
       0.051331, 0.357144])]
[array([0.62854, 0.62854]), array([0.575758, 0.444444]), array([0.545182, 0.482814, 0.480503]), array([0.429617, 0.395992, 0.352362, 0.414986]), array([0.999999, 0.999999, 0.999999, 0.999999]), array([0.424197, 0.368357, 0.648904, 0.762441, 0.113934]), array([0.239556, 0.233938, 0.369568, 0.247416, 0.322499, 0.710138]), array([0.050473, 0.047945, 0.219945, 0.114923, 0.999176, 0.477233,
       0.108351, 0.660933])]
[array([0.628545, 0.628545]), array([0.49999, 0.52   ]), array([0.53722 , 0.539058, 0.477449]), array([0.425651, 0.360204, 0.349564, 0.415548]), array([0.97775 , 0.993885, 0.993452, 0.999963]), array([0.412894, 0.359538, 0.659361, 0.753791, 0.050063]), array([0.247622, 0.191787, 0.41897 , 0.294427, 0.320843, 0.736269]), array([0.053656, 0.156131, 0.137172, 0.031103, 0.866237, 0.536025,
       0.203911, 0.699283])]
[array([0.62854, 0.62854]), array([0.5, 0.5]), array([0.519622, 0.530912, 0.468558]), array([0.420645, 0.367922, 0.344555, 0.421778]), array([0.996873, 0.999963, 0.997754, 0.999989]), array([0.424145, 0.368407, 0.648897, 0.762527, 0.113915]), array([0.241338, 0.203259, 0.412254, 0.304438, 0.310799, 0.725045]), array([0.047676, 0.176142, 0.142651, 0.137503, 0.754822, 0.538267,
       0.204167, 0.676738])]
[array([0.62854, 0.62854]), array([0.5, 0.5]), array([0.517332, 0.527787, 0.453002]), array([0.395535, 0.364582, 0.350023, 0.416949]), array([0.9451, 0.9926, 0.9819, 0.9877]), array([0.403072, 0.378897, 0.649991, 0.764771, 0.110133]), array([0.241311, 0.203294, 0.419315, 0.305451, 0.310729, 0.682203]), array([0.131916, 0.201639, 0.095818, 0.03822 , 0.852812, 0.566235,
       0.145217, 0.360648])]
[array([0.62854, 0.62854]), array([0.4928, 0.4989]), array([0.533952, 0.543693, 0.48277 ]), array([0.430615, 0.360804, 0.349354, 0.415686]), array([0.9799, 0.9938, 0.935 , 0.9965]), array([4.92657e-01, 4.47540e-01, 6.29117e-01, 8.61014e-01, 4.73000e-04]), array([0.271129, 0.192752, 0.405118, 0.291603, 0.332206, 0.653782]), array([0.106295, 0.133016, 0.139712, 0.166469, 0.772179, 0.466538,
       0.228446, 0.575143])]