[array([0.6 , 0.69]), array([0.79798 , 0.969697]), array([0.9981  , 0.001449, 0.998173]), array([0.425358, 0.392912, 0.36824 , 0.418466]), array([0.223328, 0.835221, 0.899041, 0.888129]), array([0.013971, 0.054792, 0.292459, 0.97581 , 0.008969]), array([0.086339, 0.408658, 0.265295, 0.14147 , 0.335118, 0.683255]), array([0.058288, 0.165985, 0.132597, 0.021272, 0.856846, 0.527851,
       0.193914, 0.709151])]
[array([0.628078, 0.627277]), array([0.710761, 0.93018 ]), array([0.994061, 0.998215, 0.005415]), array([0.007258, 0.996498, 0.997746, 0.100835]), array([0.29372 , 0.8323  , 0.967791, 0.928197]), array([0.951237, 0.015974, 0.987161, 0.973952, 0.011381]), array([0.133635, 0.396522, 0.413819, 0.024747, 0.290913, 0.688565]), array([0.010764, 0.181241, 0.014502, 0.056129, 0.894455, 0.469738,
       0.014718, 0.186517])]
[array([0.312449, 0.360058]), array([0.887427, 0.387866]), array([0.53895 , 0.906929, 0.663278]), array([0.117356, 0.489231, 0.805511, 0.467611]), array([0.744219, 0.668769, 0.787038, 0.825263]), array([0.766757, 0.646935, 0.826651, 0.540174, 0.193392]), array([0.218086, 0.292891, 0.086933, 0.49137 , 0.611696, 0.391725]), array([0.103715, 0.160824, 0.099487, 0.176972, 0.945159, 0.512769,
       0.285657, 0.759764])]
[array([0.2317  , 0.562963]), array([0.22817 , 0.566932]), array([0.99    , 0.99    , 0.808081]), array([0.825769, 0.819615, 0.861174, 0.78678 ]), array([0.224189, 0.84648 , 0.879484, 0.878516]), array([0.439344, 0.698924, 0.42682 , 0.109476, 0.877888]), array([0.846867, 0.142429, 0.060669, 0.756292, 0.552398, 0.081306]), array([0.044329, 0.013581, 0.258198, 0.577644, 0.05128 , 0.158563,
       0.59103 , 0.077953])]
[array([0.699792, 0.425208]), array([0.699792, 0.425208]), array([0.947984, 0.454849, 0.537269]), array([0.527994, 0.895273, 0.82855 , 0.25922 ]), array([0.131255, 0.446204, 0.776203, 0.554289]), array([0.089777, 0.408899, 0.18584 , 0.760895, 0.389618]), array([0.244028, 0.838841, 0.649834, 0.229979, 0.367651, 0.642891]), array([0.113472, 0.373367, 0.606749, 0.37823 , 0.268199, 0.318723,
       0.613822, 0.19717 ])]
[array([0.622624, 0.635562]), array([0.501157, 0.505474]), array([0.073635, 0.004783, 0.89977 ]), array([0.19151 , 0.865989, 0.799965, 0.28911 ]), array([0.992805, 0.999528, 0.910802, 0.99735 ]), array([0.980716, 0.765722, 0.013366, 0.12393 , 0.705998]), array([0.241235, 0.21335 , 0.422172, 0.317823, 0.287367, 0.672202]), array([0.079426, 0.07993 , 0.135433, 0.177082, 0.864081, 0.492394,
       0.282136, 0.51862 ])]
[array([0.637362, 0.626959]), array([0.50287 , 0.497493]), array([0.00062 , 0.002455, 0.513783]), array([0.802454, 0.717401, 0.931289, 0.001508]), array([0.995629, 0.991405, 0.024506, 0.006396]), array([0.962683, 0.776232, 0.363815, 0.261077, 0.953615]), array([0.247839, 0.190416, 0.439236, 0.305813, 0.331358, 0.725238]), array([0.032998, 0.087464, 0.128455, 0.092903, 0.787312, 0.442798,
       0.276232, 0.358514])]
[array([0.628593, 0.628543]), array([0.628593, 0.628543]), array([0.652023, 0.142805, 0.113181]), array([0.611131, 0.207055, 0.289347, 0.222337]), array([0.986462, 0.917895, 0.987913, 0.947856]), array([0.272014, 0.744549, 0.598375, 0.558349, 0.029173]), array([0.08657 , 0.017204, 0.77829 , 0.145649, 0.159941, 0.525996]), array([0.111235, 0.143454, 0.043018, 0.014045, 0.927988, 0.573035,
       0.323391, 0.366938])]