[array([0.136027, 0.831831]), array([0.697146, 0.225741]), array([0.690813, 0.366199, 0.841009]), array([0.825769, 0.819615, 0.861174, 0.78678 ]), array([0.120775, 0.158811, 0.080574, 0.643568]), array([0.293523, 0.037507, 0.468229, 0.734958, 0.870948]), array([0.267153, 0.018424, 0.024515, 0.858944, 0.127181, 0.582142]), array([0.827014, 0.424355, 0.22266 , 0.923371, 0.933689, 0.06259 ,
       0.871635, 0.120479])]
[array([0.5, 0.5]), array([0.5, 0.5]), array([0.5, 0.5, 0.5]), array([0.5, 0.5, 0.5, 0.5]), array([0.5, 0.5, 0.5, 0.5]), array([0.5, 0.5, 0.5, 0.5, 0.5]), array([0.5, 0.5, 0.5, 0.5, 0.5, 0.5]), array([0.5, 0.5, 0.5, 0.5, 0.5, 0.5, 0.5, 0.5])]
[array([0.423759, 0.019217]), array([0.794141, 0.090755]), array([0.113083, 0.60418 , 0.628769]), array([0.603717, 0.521241, 0.548135, 0.513091]), array([0.274726, 0.728838, 0.35798 , 0.142612]), array([0.513091, 0.521241, 0.548135, 0.960585, 0.951333]), array([0.277688, 0.676187, 0.603717, 0.624408, 0.005092, 0.680732]), array([0.484091, 0.676187, 0.274726, 0.260573, 0.142612, 0.30157 ,
       0.728838, 0.219118])]
[array([0.813589, 0.358322]), array([0.671358, 0.870438]), array([0.002492, 0.362483, 0.558533]), array([0.984125, 0.103924, 0.825137, 0.123019]), array([0.545314, 0.204905, 0.950189, 0.400078]), array([0.814883, 0.174931, 0.585967, 0.653331, 0.5387  ]), array([0.962368, 0.747786, 0.825667, 0.178745, 0.287066, 0.510435]), array([0.788942, 0.540851, 0.69313 , 0.656725, 0.035794, 0.785841,
       0.554196, 0.517912])]
[array([0.62854, 0.62854]), array([0.297124, 0.363289]), array([0.422892, 0.698727, 0.95467 ]), array([0.509904, 0.9044  , 0.90201 , 0.233535]), array([0.25756 , 0.401132, 0.943836, 0.598825]), array([0.843946, 0.384711, 0.003616, 0.624206, 0.98796 ]), array([0.023035, 0.19785 , 0.775548, 0.240802, 0.885224, 0.221562]), array([8.97577e-01, 2.85128e-01, 1.54505e-01, 8.94000e-04, 1.29430e-02,
       9.31512e-01, 1.36471e-01, 2.84736e-01])]
[array([0.932197, 0.806321]), array([0.401893, 0.944055]), array([0.63132 , 0.461851, 0.271434]), array([0.864635, 0.939382, 0.051159, 0.708198]), array([0.010017, 0.96907 , 0.544465, 0.245552]), array([0.146638, 0.499057, 0.696183, 0.327928, 0.898177]), array([0.058194, 0.848859, 0.388378, 0.338754, 0.539115, 0.579127]), array([0.490507, 0.247842, 0.447149, 0.270786, 0.435982, 0.938924,
       0.538115, 0.814965])]