[array([0.736507, 0.733333]), array([0.765079, 0.949206]), array([0.422222, 0.266666, 0.488888]), array([0.4375, 0.4375, 0.375 , 0.4375]), array([0.25 , 0.875, 0.875, 0.875]), array([1.10000e-05, 1.11111e-01, 1.11111e-01, 2.12343e-01, 1.00000e-06]), array([1.10000e-05, 1.11111e-01, 1.11111e-01, 2.12343e-01, 2.34123e-01,
       2.34123e-01]), array([0.00000e+00, 3.33333e-01, 3.33333e-01, 6.66667e-01, 3.33333e-01,
       3.33333e-01, 3.33333e-01, 1.11000e-04])]
[array([0.999999, 0.346755]), array([0.346755, 0.124705]), array([0.197569, 0.111111, 0.111111]), array([0.197569, 0.765437, 0.098543, 0.005432]), array([0.045587, 0.987632, 0.005987, 0.213876]), array([7.76510e-02, 5.49000e-04, 1.11246e-01, 9.86500e-03, 7.70000e-05]), array([6.5540e-03, 9.8443e-02, 7.7700e-04, 3.4210e-03, 6.6000e-05,
       5.5000e-05]), array([1.11000e-04, 1.22356e-01, 1.01112e-01, 2.01200e-03, 2.11000e-04,
       2.37900e-03, 2.36000e-04, 2.83340e-02])]
[array([0.011111, 0.034221]), array([0.021111, 0.014221]), array([0.032111, 0.021221, 0.232454]), array([0.012911, 0.001111, 0.002451, 0.012121]), array([0.012722, 0.001451, 0.011384, 0.000365]), array([0.019122, 0.001231, 0.011871, 0.038112, 0.000113]), array([0.019122, 0.001231, 0.011871, 0.023821, 0.002119, 0.000111]), array([0.019122, 0.001231, 0.011871, 0.023821, 0.021119, 0.000111,
       0.003211, 0.022712])]
[array([0.62854, 0.62854]), array([0.127768, 0.117724]), array([0.947984, 0.454849, 0.537269]), array([0.536444, 0.833049, 0.958052, 0.290586]), array([0.249026, 0.571995, 0.958247, 0.430353]), array([0.03557 , 0.102193, 0.502694, 0.060024, 0.865468]), array([0.024021, 0.191296, 0.777237, 0.242463, 0.875118, 0.21453 ]), array([0.578933, 0.95252 , 0.109589, 0.079101, 0.087492, 0.975861,
       0.730583, 0.998292])]
[array([0.699792, 0.425209]), array([0.127768, 0.117724]), array([0.947984, 0.454849, 0.53727 ]), array([0.536444, 0.833049, 0.958052, 0.290581]), array([0.249018, 0.571915, 0.958247, 0.430253]), array([0.03557 , 0.102343, 0.502694, 0.060024, 0.865111]), array([0.024021, 0.191296, 0.777237, 0.242463, 0.875118, 0.21453 ]), array([0.578933, 0.95252 , 0.109589, 0.079101, 0.087492, 0.975861,
       0.730583, 0.998321])]
[array([0.62854, 0.62854]), array([0.742567, 0.156038]), array([0.926548, 0.637929, 0.846231]), array([0.815719, 0.008793, 0.696399, 0.529707]), array([0.415663, 0.334762, 0.953448, 0.905312]), array([0.562904, 0.792488, 0.06188 , 0.451446, 0.952736]), array([0.084228, 0.507274, 0.592732, 0.782953, 0.806526, 0.04341 ]), array([0.949814, 0.215539, 0.772957, 0.344666, 0.970193, 0.787586,
       0.021463, 0.001864])]
[array([0.62854, 0.62854]), array([0.563388, 0.211226]), array([0.196806, 0.746141, 0.904531]), array([0.445256, 0.309231, 0.725539, 0.965011]), array([0.726719, 0.023142, 0.226755, 0.861582]), array([0.618178, 0.164003, 0.960488, 0.028808, 0.873022]), array([0.380375, 0.164812, 0.983518, 0.208745, 0.819731, 0.924443]), array([3.84018e-01, 6.97000e-04, 8.27161e-01, 8.69767e-01, 3.86200e-02,
       9.81962e-01, 9.58520e-01, 1.04397e-01])]
[array([0.62854, 0.62854]), array([0.491258, 0.412759]), array([0.224403, 0.965764, 0.67322 ]), array([0.957572, 0.903085, 0.965608, 0.331656]), array([0.9, 0.9, 0.9, 0.9]), array([0.955447, 0.160343, 0.416679, 0.095659, 0.89804 ]), array([0.185592, 0.278694, 0.461717, 0.209833, 0.308703, 0.611597]), array([0.517958, 0.00806 , 0.319237, 0.888884, 0.08636 , 0.994053,
       0.007054, 0.077467])]
[array([0.62854, 0.62854]), array([0.499606, 0.496639]), array([0.187439, 0.08859 , 0.907348]), array([0.998528, 0.998528, 0.998528, 0.998528]), array([0.989695, 0.989695, 0.989695, 0.989695]), array([0.999999, 0.999031, 0.003125, 0.      , 0.992245]), array([0.235351, 0.193324, 0.407832, 0.241902, 0.318101, 0.675077]), array([0.151446, 0.02225 , 0.115667, 0.125672, 0.909654, 0.508497,
       0.207827, 0.664706])]