[array([0.736507, 0.733333]), array([0.765079, 0.949206]), array([0.422222, 0.266666, 0.488888]), array([0.4375, 0.4375, 0.375 , 0.4375]), array([0.25 , 0.875, 0.875, 0.875]), array([1.10000e-05, 1.11111e-01, 1.11111e-01, 2.12343e-01, 1.00000e-06]), array([1.10000e-05, 1.11111e-01, 1.11111e-01, 2.12343e-01, 2.34123e-01,
       2.34123e-01]), array([0.00000e+00, 3.33333e-01, 3.33333e-01, 6.66667e-01, 3.33333e-01,
       3.33333e-01, 3.33333e-01, 1.11000e-04])]
[array([0.999999, 0.346755]), array([0.346755, 0.124705]), array([0.197569, 0.111111, 0.111111]), array([0.197569, 0.765437, 0.098543, 0.005432]), array([0.045587, 0.987632, 0.005987, 0.213876]), array([7.76510e-02, 5.49000e-04, 1.11246e-01, 9.86500e-03, 7.70000e-05]), array([6.5540e-03, 9.8443e-02, 7.7700e-04, 3.4210e-03, 6.6000e-05,
       5.5000e-05]), array([1.11000e-04, 1.22356e-01, 1.01112e-01, 2.01200e-03, 2.11000e-04,
       2.37900e-03, 2.36000e-04, 2.83340e-02])]
[array([0.011111, 0.034221]), array([0.021111, 0.014221]), array([0.032111, 0.021221, 0.232454]), array([0.012911, 0.001111, 0.002451, 0.012121]), array([0.012722, 0.001451, 0.011384, 0.000365]), array([0.019122, 0.001231, 0.011871, 0.038112, 0.000113]), array([0.019122, 0.001231, 0.011871, 0.023821, 0.002119, 0.000111]), array([0.019122, 0.001231, 0.011871, 0.023821, 0.021119, 0.000111,
       0.003211, 0.022712])]
[array([0.62854, 0.62854]), array([0.127768, 0.117724]), array([0.947984, 0.454849, 0.537269]), array([0.536444, 0.833049, 0.958052, 0.290586]), array([0.249026, 0.571995, 0.958247, 0.430353]), array([0.03557 , 0.102193, 0.502694, 0.060024, 0.865468]), array([0.024021, 0.191296, 0.777237, 0.242463, 0.875118, 0.21453 ]), array([0.578933, 0.95252 , 0.109589, 0.079101, 0.087492, 0.975861,
       0.730583, 0.998292])]
[array([0.699792, 0.425209]), array([0.127768, 0.117724]), array([0.947984, 0.454849, 0.53727 ]), array([0.536444, 0.833049, 0.958052, 0.290581]), array([0.249018, 0.571915, 0.958247, 0.430253]), array([0.03557 , 0.102343, 0.502694, 0.060024, 0.865111]), array([0.024021, 0.191296, 0.777237, 0.242463, 0.875118, 0.21453 ]), array([0.578933, 0.95252 , 0.109589, 0.079101, 0.087492, 0.975861,
       0.730583, 0.998321])]
[array([0.62854, 0.62854]), array([0.742567, 0.156038]), array([0.926548, 0.637929, 0.846231]), array([0.815719, 0.008793, 0.696399, 0.529707]), array([0.415663, 0.334762, 0.953448, 0.905312]), array([0.562904, 0.792488, 0.06188 , 0.451446, 0.952736]), array([0.084228, 0.507274, 0.592732, 0.782953, 0.806526, 0.04341 ]), array([0.949814, 0.215539, 0.772957, 0.344666, 0.970193, 0.787586,
       0.021463, 0.001864])]