[array([0.65, 0.65]), array([0.999999, 0.445359]), array([0.999999, 0.00103 , 0.704731]), array([0.547926, 0.159624, 0.005285, 0.374962]), array([0.106288, 0.106288, 0.159432, 0.106288]), array([0.050837, 0.05046 , 0.135756, 0.69054 , 0.0889  ]), array([0.576248, 0.747426, 0.975236, 0.753286, 0.853075, 0.642975]), array([0.654932, 0.875357, 0.875258, 0.875378, 0.764965, 0.875356,
       0.864246, 0.864123])]
[array([0.628, 0.628]), array([0.25, 0.8 ]), array([0.15, 0.15, 0.15]), array([0.15, 0.15, 0.15, 0.15]), array([0.325, 0.325, 0.325, 0.325]), array([0.3, 0.3, 0.3, 0.3, 0.3]), array([0.1, 0.1, 0.1, 0.1, 0.1, 0.1]), array([0.26, 0.3 , 0.8 , 0.95, 0.05, 0.2 , 0.36, 0.15])]
[array([0.6291, 0.6282]), array([0.65, 0.5 ]), array([0.38, 0.58, 0.6 ]), array([0.5, 0.7, 0.7, 0.7]), array([0.95, 0.95, 0.5 , 0.7 ]), array([0.2 , 0.55, 0.9 , 0.2 , 0.4 ]), array([0.45 , 0.725, 0.6  , 0.55 , 0.7  , 0.85 ]), array([0.5  , 0.4  , 0.125, 0.85 , 0.475, 0.9  , 0.375, 0.85 ])]
[array([0.628787, 0.628787]), array([0.2002, 0.6001]), array([0.9001, 0.7001, 0.8001]), array([0.9251, 0.9251, 0.9251, 0.9251]), array([0.3751, 0.25  , 0.25  , 0.3001]), array([0.575111, 0.575111, 0.575111, 0.575111, 0.575111]), array([0.9251, 0.9251, 0.9251, 0.9251, 0.9251, 0.9251]), array([1.e-06, 1.e-06, 1.e-06, 1.e-06, 1.e-06, 1.e-06, 1.e-06, 1.e-06])]
[array([0.628787, 0.628787]), array([0.0505  , 0.999555]), array([0.5005 , 0.85085, 0.9009 ]), array([0.44898 , 0.408163, 0.346939, 0.489796]), array([0.919191, 0.225225, 0.335533, 0.151918]), array([0.246846, 0.326326, 0.468421, 0.757891, 0.322232]), array([0.214285, 0.285714, 0.357142, 0.214286, 0.357143, 0.714286]), array([0.70707 , 0.70707 , 0.151515, 0.705705, 0.001001, 0.9009  ,
       0.9009  , 0.9009  ])]
[array([0.628888, 0.628888]), array([0.717435, 0.933868]), array([0.571429, 0.755102, 0.040816]), array([0.428571, 0.387755, 0.346939, 0.448979]), array([0.959184, 0.979592, 0.510204, 0.714286]), array([0.375375, 0.291667, 0.416667, 0.999999, 0.208333]), array([1.42857e-01, 5.00000e-04, 3.57143e-01, 6.00000e-04, 2.85714e-01,
       9.99999e-01]), array([0.1    , 0.5005 , 0.7007 , 0.75075, 0.05005, 0.9009 , 0.95095,
       0.95095])]
[array([0.628786, 0.628786]), array([6.4999e-02, 1.0000e-05]), array([0.999999, 0.489489, 0.79079 ]), array([0.444444, 0.383333, 0.653333, 0.65    ]), array([9.99999e-01, 9.99999e-01, 1.00000e-06, 1.00000e-06]), array([0.555666, 0.10101 , 0.2     , 0.9009  , 0.7007  ]), array([0.7007  , 0.8008  , 0.3003  , 0.5005  , 0.999999, 0.9009  ]), array([0.355678, 0.9009  , 0.9009  , 0.55005 , 0.9009  , 0.1001  ,
       0.95095 , 0.8008  ])]
[array([0.628528, 0.628528]), array([0.5005, 0.1001]), array([0.8008 , 0.75075, 0.45045]), array([0.85085, 0.4004 , 0.9009 , 0.1001 ]), array([0.9009, 0.9009, 0.9009, 0.9009]), array([4.004e-01, 4.004e-01, 7.007e-01, 7.007e-01, 1.000e-04]), array([2.22222e-01, 9.99999e-01, 8.88888e-01, 6.66667e-01, 9.99999e-01,
       1.00000e-06]), array([0.999999, 0.999999, 0.999999, 0.999999, 0.999999, 0.999999,
       0.999999, 0.999999])]
[array([0.628528, 0.628528]), array([0.617234, 0.454909]), array([0.632653, 0.714286, 0.428571]), array([0.4004, 0.4004, 0.4004, 0.4004]), array([0.999888, 0.999888, 0.999888, 0.999888]), array([3.33333e-01, 3.33333e-01, 6.66667e-01, 7.89474e-01, 1.00000e-06]), array([0.222222, 0.111111, 0.444444, 0.333333, 0.333333, 0.666667]), array([0.1001 , 0.15015, 0.15015, 0.2002 , 0.8008 , 0.5005 , 0.25025,
       0.7007 ])]
[array([0.628528, 0.628528]), array([0.60521 , 0.430861]), array([0.653061, 0.469388, 0.612245]), array([0.444444, 0.353535, 0.388889, 0.422222]), array([0.999999, 0.999999, 0.999999, 0.999999]), array([0.444444, 0.333333, 0.666667, 0.736842, 0.052631]), array([0.216667, 0.111111, 0.433333, 0.3003  , 0.322222, 0.666667]), array([0.075075, 0.15015 , 0.15015 , 0.15015 , 0.8008  , 0.45045 ,
       0.175175, 0.75075 ])]