[array([0.045, 0.69 ]), array([0.784126, 0.961904]), array([0.466666, 0.111111, 0.533333]), array([0.4375, 0.4375, 0.375 , 0.4375]), array([0.25 , 0.875, 0.875, 0.875]), array([0.111111, 0.222222, 0.222222, 0.      , 0.      ]), array([0. , 0.4, 0.4, 0.2, 0.4, 0.8]), array([0.      , 0.333333, 0.      , 0.333333, 0.666666, 0.333333,
       0.333333, 0.333333])]
[array([0.55    , 0.217619]), array([0.8     , 0.622063]), array([0.155555, 0.8     , 0.      ]), array([0.999999, 0.75    , 0.4375  , 0.      ]), array([0.999999, 0.999999, 0.999999, 0.999999]), array([0.444444, 0.222222, 0.666666, 0.888888, 0.222222]), array([0. , 0.8, 0.6, 0. , 0.4, 0.2]), array([0.333333, 0.333333, 0.333333, 0.333333, 0.666666, 0.333333,
       0.333333, 0.333333])]
[array([0.489125, 0.505089]), array([0.62619, 0.5    ]), array([0.866666, 0.999999, 0.422222]), array([0.375 , 0.375 , 0.375 , 0.4375]), array([0.75, 0.75, 0.75, 0.75]), array([0.444444, 0.333333, 0.666666, 0.777777, 0.111111]), array([0.166666, 0.333333, 0.333333, 0.166666, 0.333333, 0.666666]), array([0.7, 0.7, 0.7, 0.7, 0.7, 0.7, 0.7, 0.7])]
[array([0.68568 , 0.700386]), array([0.87779 , 0.778627]), array([0.492581, 0.611593, 0.340176]), array([0.577765, 0.428771, 0.425825, 0.249007]), array([0.352356, 0.322241, 0.116979, 0.473112]), array([0.728186, 0.154692, 0.732551, 0.693996, 0.056401]), array([0.881646, 0.20445 , 0.414474, 0.420384, 0.264915, 0.73066 ]), array([0.14355 , 0.937414, 0.232324, 0.009043, 0.414578, 0.409325,
       0.553778, 0.20584 ])]
[array([0.62854, 0.62854]), array([0.105554, 0.83291 ]), array([0.888635, 0.125076, 0.105479]), array([0.897111, 0.891547, 0.863051, 0.113761]), array([0.45    , 0.15    , 0.1     , 0.354545]), array([0.898661, 0.136944, 0.897741, 0.231119, 0.197514]), array([0.153521, 0.108187, 0.138998, 0.312052, 0.100909, 0.887917]), array([0.13133 , 0.138999, 0.148066, 0.151772, 0.728553, 0.559088,
       0.191429, 0.342428])]
[array([0.62854, 0.62854]), array([0.118574, 0.195813]), array([0.88492 , 0.110657, 0.109435]), array([0.886789, 0.895866, 0.88007 , 0.109382]), array([0.443673, 0.160442, 0.102047, 0.16271 ]), array([0.891007, 0.101755, 0.896271, 0.320008, 0.126636]), array([0.401232, 0.107124, 0.334372, 0.124031, 0.290499, 0.886822]), array([0.11947 , 0.104666, 0.104283, 0.207571, 0.858783, 0.625757,
       0.278984, 0.733218])]
[array([0.62854, 0.62854]), array([0.898616, 0.878716]), array([0.145932, 0.103637, 0.31349 ]), array([0.103462, 0.18873 , 0.889738, 0.102667]), array([0.75, 0.15, 0.65, 0.01]), array([0.101319, 0.368807, 0.880658, 0.572253, 0.100009]), array([0.6, 0.7, 0.7, 0.2, 0.8, 0.1]), array([0.14355 , 0.937414, 0.232324, 0.009043, 0.414578, 0.409325,
       0.553778, 0.20584 ])]
[array([0.62854, 0.62854]), array([0.885239, 0.486815]), array([0.103997, 0.622379, 0.423498]), array([0.899527, 0.131818, 0.842059, 0.10787 ]), array([1.e-06, 1.e-06, 1.e-06, 1.e-06]), array([0.118369, 0.735314, 0.87652 , 0.376568, 0.879101]), array([0.301191, 0.698724, 0.695763, 0.299794, 0.301303, 0.118017]), array([0.14355 , 0.937414, 0.232324, 0.009043, 0.414578, 0.409325,
       0.553778, 0.20584 ])]
[array([0.62854, 0.62854]), array([0.521451, 0.429724]), array([0.756856, 0.803078, 0.736684]), array([0.108069, 0.128505, 0.89308 , 0.857621]), array([0.95, 0.01, 0.1 , 0.5 ]), array([0.129729, 0.101536, 0.698624, 0.185961, 0.127674]), array([0.323928, 0.693469, 0.662069, 0.39578 , 0.311735, 0.101591]), array([0.14667 , 0.111596, 0.108991, 0.119289, 0.85711 , 0.546073,
       0.206625, 0.833471])]
[array([0.62854, 0.62854]), array([0.360321, 0.239104]), array([0.520786, 0.363091, 0.93176 ]), array([0.640251, 0.382104, 0.502174, 0.629831]), array([0.264032, 0.480215, 0.603278, 0.821655]), array([0.386003, 0.682406, 0.164023, 0.296032, 0.839601]), array([0.52984 , 0.138209, 0.327601, 0.720981, 0.428912, 0.820136]), array([0.57823 , 0.326178, 0.105167, 0.620327, 0.472016, 0.728014,
       0.214027, 0.529201])]