[array([0.62854, 0.62854]), array([0.983984, 0.999998]), array([0.432432, 0.256757, 0.500001]), array([0.421053, 0.368421, 0.368421, 0.421053]), array([0.310345, 0.827586, 0.965517, 0.931034]), array([1.23000e-04, 1.42857e-01, 1.42857e-01, 9.99998e-01, 1.23000e-04]), array([1.23000e-04, 4.44444e-01, 2.22222e-01, 2.22222e-01, 4.44444e-01,
       7.77778e-01]), array([1.23000e-04, 2.22222e-01, 2.22222e-01, 2.22222e-01, 6.66667e-01,
       6.66667e-01, 2.22222e-01, 6.66667e-01])]
[array([0.62854, 0.62854]), array([0.422222, 0.833333]), array([0.160101, 0.414444, 0.998264]), array([0.950969, 0.899787, 0.809056, 0.524586]), array([0.322581, 0.822222, 0.980808, 0.935484]), array([0.119434, 0.869588, 0.027117, 0.234275, 0.763646]), array([0.112022, 0.388225, 0.302031, 0.134397, 0.328362, 0.649092]), array([0.555556, 0.799999, 0.799999, 0.822222, 0.555556, 0.899999,
       0.399999, 0.199999])]
[array([0.62854, 0.62854]), array([0.605111, 0.36757 ]), array([0.37408 , 0.281378, 0.808822]), array([0.908192, 0.676537, 0.48325 , 0.965994]), array([0.687627, 0.964368, 0.901467, 0.570893]), array([0.6427  , 0.814501, 0.351736, 0.038464, 0.398945]), array([0.07871 , 0.280135, 0.572289, 0.304421, 0.196381, 0.626643]), array([0.292149, 0.015773, 0.19333 , 0.341251, 0.612134, 0.271442,
       0.548235, 0.995537])]
[array([0.62854, 0.62854]), array([0.240629, 0.573209]), array([0.160101, 0.001449, 0.998173]), array([0.996262, 0.251493, 0.366023, 0.845836]), array([0.583117, 0.190804, 0.007084, 0.05101 ]), array([0.986382, 0.386395, 0.633428, 0.080054, 0.338275]), array([0.379071, 0.546021, 0.470523, 0.155368, 0.170032, 0.255453]), array([0.946408, 0.707338, 0.402934, 0.949835, 0.064527, 0.303394,
       0.668139, 0.147363])]
[array([0.62854, 0.62854]), array([0.547815, 0.923904]), array([0.600448, 0.007862, 0.988299]), array([0.51442 , 0.865986, 0.985802, 0.252023]), array([0.343251, 0.156968, 0.494025, 0.901223]), array([0.074008, 0.071397, 0.354496, 0.046676, 0.90558 ]), array([0.880844, 0.056244, 0.36012 , 0.988476, 0.851248, 0.75245 ]), array([0.937685, 0.912283, 0.021859, 0.124789, 0.01875 , 0.958159,
       0.542247, 0.855501])]
[array([0.62854, 0.62854]), array([0.127768, 0.117724]), array([0.804696, 0.120352, 0.850024]), array([0.979119, 0.896314, 0.938784, 0.018772]), array([1.e-06, 1.e-06, 1.e-06, 1.e-06]), array([0.843946, 0.384711, 0.003616, 0.624206, 0.98796 ]), array([0.011378, 0.095223, 0.767041, 0.190066, 0.840515, 0.120006]), array([0.989221, 0.284875, 0.14283 , 0.048532, 0.214927, 0.902329,
       0.154238, 0.026237])]
[array([0.62854, 0.62854]), array([0.49906 , 0.500858]), array([0.161322, 0.207958, 0.948086]), array([9.99999e-01, 9.99999e-01, 9.99999e-01, 1.00000e-06]), array([0.108422, 0.919235, 0.901248, 0.375982]), array([9.99999e-01, 9.99999e-01, 1.00000e-06, 1.00000e-06, 9.37500e-01]), array([0.98913 , 0.687115, 0.898694, 0.799475, 0.226887, 0.971521]), array([0.800249, 0.13517 , 0.974417, 0.865151, 0.927303, 0.314247,
       0.048822, 0.122579])]
[array([0.62854, 0.62854]), array([0.695598, 0.325513]), array([0.378384, 0.103403, 0.973073]), array([0.413674, 0.950387, 0.083875, 0.221002]), array([0.84733 , 0.931344, 0.421635, 0.233331]), array([0.616332, 0.165262, 0.956708, 0.02138 , 0.876927]), array([0.272428, 0.219409, 0.996317, 0.260501, 0.830752, 0.761672]), array([0.050446, 0.907509, 0.039053, 0.442006, 0.011501, 0.498558,
       0.349725, 0.965459])]
[array([0.62854, 0.62854]), array([0.694489, 0.285741]), array([0.265487, 0.      , 0.999998]), array([0.999999, 0.999999, 0.999999, 0.999999]), array([0.999991, 0.999958, 0.999965, 0.999999]), array([9.99999e-01, 9.99999e-01, 1.00000e-06, 1.00000e-06, 9.99999e-01]), array([0.190845, 0.141613, 0.401312, 0.307222, 0.335725, 0.701233]), array([0.158895, 0.319501, 0.151591, 0.250555, 0.893903, 0.327576,
       0.204266, 0.371704])]
[array([0.62854, 0.62854]), array([0.5, 0.5]), array([0.20354 , 0.      , 0.999999]), array([0.999998, 0.999998, 0.999998, 0.999998]), array([0.999999, 0.999999, 0.999999, 0.999999]), array([1.00000e-06, 9.99999e-01, 1.00000e-06, 1.00000e-06, 9.99999e-01]), array([0.200929, 0.169907, 0.44478 , 0.261959, 0.305972, 0.702692]), array([0.136996, 0.2     , 0.139503, 0.2     , 0.8     , 0.416927,
       0.2     , 0.6     ])]
[array([0.62854, 0.62854]), array([0.5, 0.5]), array([0.389381, 0.      , 0.999999]), array([0.999999, 0.999999, 0.999999, 0.999999]), array([0.999999, 0.999999, 0.999999, 0.999999]), array([0.999999, 0.99898 , 0.      , 0.      , 0.997899]), array([0.216539, 0.157413, 0.441369, 0.271248, 0.307999, 0.661977]), array([0.099319, 0.147425, 0.128446, 0.146356, 0.798274, 0.504534,
       0.198957, 0.593679])]
[array([0.62854, 0.62854]), array([0.5, 0.5]), array([0.173335, 0.001377, 0.998264]), array([0.999999, 0.999999, 0.999999, 0.999999]), array([0.999999, 0.999999, 0.999999, 0.999999]), array([0.999999, 0.999079, 0.002969, 0.      , 0.992633]), array([0.215055, 0.156395, 0.470335, 0.277514, 0.312339, 0.658909]), array([0.104353, 0.150054, 0.132024, 0.149038, 0.79836 , 0.499307,
       0.199009, 0.603995])]