[array([0.65, 0.65]), array([0.717172, 0.      ]), array([0.99    , 0.99    , 0.808081]), array([0.421053, 0.421053, 0.315789, 0.421053]), array([0.263158, 0.842105, 0.894737, 0.894737]), array([0.105263, 0.      , 0.      , 0.99    , 0.      ]), array([0.      , 0.210526, 0.526316, 0.052632, 0.368421, 0.789474]), array([0.2 , 0.2 , 0.2 , 0.  , 0.99, 0.4 , 0.2 , 0.2 ])]
[array([0.625, 0.625]), array([0.929293, 0.141414]), array([0.      , 0.9     , 0.454545]), array([0.      , 0.473684, 0.736842, 0.999   ]), array([0.      , 0.473684, 0.736842, 0.9999  ]), array([0.421053, 0.315789, 0.999   , 0.99999 , 0.210526]), array([0.071429, 0.357143, 0.357143, 0.071429, 0.357143, 0.642857]), array([0.2 , 0.2 , 0.2 , 0.  , 0.99, 0.4 , 0.2 , 0.2 ])]
[array([0.42, 0.42]), array([0.434343, 0.505051]), array([0.      , 0.999999, 0.89899 ]), array([0.      , 0.      , 0.999999, 0.      ]), array([0.      , 0.526316, 0.      , 0.999999]), array([0.      , 0.      , 0.999999, 0.421053, 0.999999]), array([0.142857, 0.214286, 0.357143, 0.142857, 0.357143, 0.642857]), array([0.2     , 0.2     , 0.2     , 0.2     , 0.8     , 0.4     ,
       0.2     , 0.999999])]
[array([0.4     , 0.406061]), array([0.858586, 0.292929]), array([0.999999, 0.      , 0.636364]), array([0.468421, 0.3     , 0.5     , 0.3     ]), array([0.631579, 0.421053, 0.      , 0.999999]), array([0.      , 0.999999, 0.      , 0.999999, 0.210526]), array([0.214286, 0.214286, 0.428571, 0.285714, 0.357143, 0.714286]), array([0.2     , 0.2     , 0.2     , 0.2     , 0.8     , 0.4     ,
       0.2     , 0.999999])]
[array([0.425, 0.425]), array([0.828283, 0.30303 ]), array([0.434343, 0.515152, 0.313131]), array([0.5     , 0.405263, 0.4     , 0.5     ]), array([0.      , 0.578947, 0.      , 0.999999]), array([0.421053, 0.684211, 0.421053, 0.105263, 0.894737]), array([0.214286, 0.142857, 0.357143, 0.357143, 0.285714, 0.714286]), array([0.831  , 0.     , 0.206  , 0.20351, 0.813  , 0.412  , 0.6381 ,
       0.     ])]
[array([0.628, 0.628]), array([0.505051, 0.484848]), array([0.      , 0.      , 0.363636]), array([0.5     , 0.3     , 0.4     , 0.394737]), array([0.999999, 0.986452, 0.89769 , 0.91648 ]), array([0.473684, 0.684211, 0.421053, 0.105263, 0.894737]), array([0.214286, 0.142857, 0.428571, 0.285714, 0.285714, 0.642857]), array([0.861734, 0.      , 0.103345, 0.703532, 0.913562, 0.51243 ,
       0.43319 , 0.      ])]
[array([0.415599, 0.416263]), array([0.909091, 0.313131]), array([0.474747, 0.606061, 0.313131]), array([0.4     , 0.3     , 0.405263, 0.5     ]), array([0.773684, 0.999999, 0.957895, 0.      ]), array([0.315789, 0.      , 0.157895, 0.999999, 0.      ]), array([0.285714, 0.214286, 0.5     , 0.285714, 0.357143, 0.642857]), array([0.      , 0.2     , 0.2     , 0.      , 0.8     , 0.4     ,
       0.2     , 0.999999])]
[array([0.4255, 0.4255]), array([0.515152, 0.515152]), array([0.848485, 0.252525, 0.646465]), array([0.4     , 0.394737, 0.4     , 0.394737]), array([0.368421, 0.368421, 0.368421, 0.368421]), array([0.999999, 0.999999, 0.      , 0.947368, 0.      ]), array([0.999999, 0.999999, 0.      , 0.      , 0.      , 0.      ]), array([0.2     , 0.4     , 0.2     , 0.2     , 0.6     , 0.8     ,
       0.2     , 0.999999])]
[array([0.6285, 0.6285]), array([0.494949, 0.494949]), array([0.323232, 0.      , 0.727273]), array([0.4     , 0.384211, 0.4     , 0.384211]), array([0.999999, 0.999999, 0.999999, 0.999999]), array([0.2     , 0.2     , 0.635417, 0.314583, 0.2     ]), array([0.999999, 0.214286, 0.999999, 0.285714, 0.999999, 0.999999]), array([0.2, 0.2, 0. , 0.2, 0.8, 0.4, 0.2, 0. ])]
[array([0.4285, 0.4285]), array([0.494949, 0.464646]), array([0.432323, 0.6     , 0.466667]), array([0.368421, 0.368421, 0.368421, 0.368421]), array([0.368421, 0.368421, 0.368421, 0.368421]), array([0.658333, 0.2     , 0.704167, 0.75    , 0.75    ]), array([0.999999, 0.      , 0.999999, 0.071429, 0.999999, 0.      ]), array([0.      , 0.2     , 0.2     , 0.2     , 0.999999, 0.6     ,
       0.2     , 0.2     ])]
[array([0.62851, 0.62851]), array([0.5, 0.5]), array([0.513131, 0.6     , 0.470707]), array([0.368421, 0.368421, 0.368421, 0.368421]), array([0.9, 0.9, 0.9, 0.9]), array([0.3375, 0.2   , 0.2   , 0.2   , 0.2   ]), array([0.285714, 0.999999, 0.999999, 0.999999, 0.1     , 0.1     ]), array([0.2     , 0.2     , 0.2     , 0.      , 0.6     , 0.4     ,
       0.2     , 0.999999])]