  Fn    Sample      X1      X2  X3    X4    X5    X6    X7    X8                Y
----  --------  ------  ------  ----  ----  ----  ----  ----  ----  -------------
   1         1  0.3194  0.763                                        1.32268e-79
   1         2  0.5743  0.8799                                       1.03308e-46
   1         3  0.731   0.733                                        7.71088e-16
   1         4  0.8404  0.2647                                       3.34177e-124
   1         5  0.6501  0.6815                                      -0.00360606
   1         6  0.4104  0.1476                                      -2.15925e-54
   1         7  0.3127  0.0787                                      -2.08909e-91
   1         8  0.6834  0.8611                                       2.535e-40
   1         9  0.0825  0.4035                                       3.60677e-81
   1        10  0.8839  0.5823                                       6.22986e-48
   1        11  0.6054  0.6648                                       0.00767092
   1        12  0.6285  0.6285                                       2
   1        13  0.136   0.8318                                      -7.26614e-175
   1        14  0.65    0.65                                         0.195741
   1        15  0.6     0.69                                        -0.000416039
   1        16  0.65    0.65                                         0.195741
   1        17  0.65    0.65                                         0.195741
   1        18  0.045   0.69                                         5.16207e-150
   1        19  0.6285  0.6285                                       2
   1        20  0.5     0.5                                          2.67529e-09
   1        21  0.625   0.625                                        1.88313
   1        22  0.6281  0.6273                                       1.99134
   1        23  0.6285  0.6285                                       2
   1        24  0.628   0.628                                        1.9972
   1        25  0.55    0.2176                                      -5.44021e-42
  Fn    Sample      X1      X2  X3    X4    X5    X6    X7    X8             Y
----  --------  ------  ------  ----  ----  ----  ----  ----  ----  ----------
   2         1  0.6658  0.124                                        0.538996
   2         2  0.8778  0.7786                                       0.420586
   2         3  0.1427  0.349                                       -0.0656236
   2         4  0.8453  0.7111                                       0.293993
   2         5  0.4546  0.2905                                       0.214965
   2         6  0.5777  0.772                                        0.0231055
   2         7  0.4382  0.685                                        0.244619
   2         8  0.3417  0.0287                                       0.038749
   2         9  0.3386  0.2139                                      -0.0138576
   2        10  0.7026  0.9266                                       0.611205
   2        11  0.9298  0.9975                                      -0.0113153
   2        12  0.984   1                                           -0.143941
   2        13  0.6971  0.2257                                       0.625835
   2        14  0.7172  0                                            0.568847
   2        15  0.798   0.9697                                       0.0342386
   2        16  0.7879  0.9596                                       0.0327902
   2        17  1       0.4454                                      -0.0712733
   2        18  0.7841  0.9619                                       0.174553
   2        19  0.4222  0.8333                                      -0.0883551
   2        20  0.5     0.5                                          0.919872
   2        21  0.9293  0.1414                                      -0.0324955
   2        22  0.7108  0.9302                                       0.533347
   2        23  0.8687  0.7778                                       0.346756
   2        24  0.25    0.8                                          0.0255495
   2        25  0.8     0.6221                                       0.0616411
  Fn    Sample      X1      X2      X3  X4    X5    X6    X7    X8             Y
----  --------  ------  ------  ------  ----  ----  ----  ----  ----  ----------
   3         1  0.1715  0.3439  0.2487                                -0.112122
   3         2  0.2421  0.6441  0.2724                                -0.0879629
   3         3  0.5349  0.3985  0.1734                                -0.111415
   3         4  0.4926  0.6116  0.3402                                -0.0348353
   3         5  0.1346  0.2199  0.4582                                -0.0480076
   3         6  0.3455  0.9414  0.2694                                -0.110621
   3         7  0.1518  0.44    0.9909                                -0.398926
   3         8  0.6455  0.3971  0.9198                                -0.113869
   3         9  0.7469  0.2842  0.2263                                -0.131461
   3        10  0.1705  0.697   0.1492                                -0.0941896
   3        11  0.2205  0.2978  0.3436                                -0.0469474
   3        12  0.666   0.672   0.2463                                -0.105965
   3        13  0.0468  0.2314  0.7706                                -0.118048
   3        14  0.6001  0.7251  0.0661                                -0.0363778
   3        15  0.966   0.8611  0.5668                                -0.0567584
   3        16  0.99    0.99    0                                     -0.146375
   3        17  0.4324  0.2568  0.5                                   -0.0531964
   3        18  0.6908  0.3662  0.841                                 -0.0384193
   3        19  0.99    0.99    0.8081                                -0.0898057
   3        20  0.9981  0.0014  0.9982                                -0.492932
   3        21  0.404   0.2626  0                                     -0.135949
   3        22  1       0.001   0.7047                                -0.19427
   3        23  0.4667  0.1111  0.5333                                -0.064788
   3        24  0.1601  0.4144  0.9983                                -0.433929
   3        25  0.5     0.5     0.5                                   -0.0125826
   3        26  0       0.9     0.4545                                -0.0357441
   3        27  0.9941  0.9982  0.0054                                -0.133718
   3        28  0.0906  0.1544  0.755                                 -0.124705
   3        29  0.15    0.15    0.15                                  -0.122158
   3        30  0.1556  0.8     0                                     -0.129336
  Fn    Sample      X1      X2      X3      X4  X5    X6    X7    X8              Y
----  --------  ------  ------  ------  ------  ----  ----  ----  ----  -----------
   4         1  0.897   0.7256  0.1754  0.7017                          -22.1083
   4         2  0.8894  0.4996  0.5393  0.5088                          -14.6014
   4         3  0.2509  0.0337  0.1454  0.4949                          -11.6999
   4         4  0.347   0.0063  0.7606  0.613                           -16.0538
   4         5  0.1249  0.1298  0.3844  0.2871                          -10.0696
   4         6  0.8013  0.5002  0.7066  0.1951                          -15.4871
   4         7  0.2477  0.0604  0.0422  0.4413                          -12.6817
   4         8  0.7467  0.7571  0.3694  0.2066                          -16.0264
   4         9  0.4007  0.0726  0.8868  0.2438                          -17.0492
   4        10  0.6261  0.5868  0.4388  0.7789                          -12.7418
   4        11  0.9571  0.5976  0.7661  0.7762                          -27.3164
   4        12  0.7328  0.1452  0.4768  0.1334                          -13.5276
   4        13  0.6551  0.0724  0.6872  0.0815                          -16.6791
   4        14  0.2197  0.832   0.4829  0.0826                          -16.5072
   4        15  0.4886  0.212   0.9392  0.3762                          -17.818
   4        16  0.1671  0.8766  0.2172  0.9598                          -26.5618
   4        17  0.2169  0.1661  0.2414  0.7701                          -12.7583
   4        18  0.3875  0.8045  0.7518  0.7238                          -19.4416
   4        19  0.9856  0.6669  0.1568  0.8565                          -28.9033
   4        20  0.0378  0.6649  0.162   0.2539                          -13.7027
   4        21  0.6835  0.9028  0.3354  0.9995                          -29.4271
   4        22  0.1703  0.757   0.2765  0.5312                          -11.5657
   4        23  0.8597  0.9196  0.2061  0.0978                          -26.8578
   4        24  0.2821  0.506   0.5305  0.0963                           -7.96678
   4        25  0.3261  0.4724  0.4532  0.1059                           -6.70209
   4        26  0.9484  0.8945  0.8516  0.5522                          -32.6257
   4        27  0.665   0.0466  0.1168  0.7937                          -19.9895
   4        28  0.5778  0.4288  0.4258  0.249                            -4.02554
   4        29  0.7386  0.4821  0.7094  0.504                           -13.1228
   4        30  0.8548  0.494   0.7353  0.8081                          -23.1394
   4        31  0.4592  0.4593  0.3992  0.4084                           -1.08102
   4        32  0.4211  0.3684  0.3684  0.4211                            0.692067
   4        33  0.8258  0.8196  0.8612  0.7868                          -30.7278
   4        34  0.4211  0.4211  0.3158  0.4211                           -0.0998328
   4        35  0.4254  0.3929  0.3682  0.4185                            0.589533
   4        36  0.2595  0.3013  0.3749  0.4691                           -3.01347
   4        37  0.5479  0.1596  0.0053  0.375                           -12.0252
   4        38  0.4375  0.4375  0.375   0.4375                            0.160783
   4        39  0.951   0.8998  0.8091  0.5246                          -30.8236
   4        40  0.5     0.5     0.5     0.5                              -3.98575
   4        41  0       0.4737  0.7368  0.999                           -27.5516
   4        42  0.0073  0.9965  0.9977  0.1008                          -37.8461
   4        43  0.3607  0.3178  0.3685  0.3672                           -0.19757
   4        44  0.15    0.15    0.15    0.15                            -11.7193
   4        45  1       0.75    0.4375  0                               -27.3243
  Fn    Sample      X1      X2      X3      X4  X5    X6    X7    X8             Y
----  --------  ------  ------  ------  ------  ----  ----  ----  ----  ----------
   5         1  0.1914  0.0382  0.6074  0.4146                            64.4434
   5         2  0.7587  0.5365  0.656   0.3603                            18.3014
   5         3  0.4383  0.8043  0.2102  0.1513                             0.11294
   5         4  0.7061  0.5342  0.2642  0.4821                             4.2109
   5         5  0.8365  0.1936  0.6639  0.7856                           258.371
   5         6  0.6834  0.1187  0.829   0.5676                            78.4344
   5         7  0.5536  0.6673  0.3238  0.8149                            57.5715
   5         8  0.3524  0.3222  0.117   0.4731                           109.572
   5         9  0.1538  0.7294  0.4226  0.4431                             8.84799
   5        10  0.4634  0.63    0.1079  0.9576                           233.224
   5        11  0.6775  0.3585  0.4796  0.0729                            24.4231
   5        12  0.584   0.1472  0.3481  0.4286                            64.4201
   5        13  0.3069  0.3169  0.6226  0.0954                            63.4767
   5        14  0.5111  0.818   0.7287  0.1124                            79.7291
   5        15  0.4389  0.7741  0.3782  0.9337                           355.807
   5        16  0.2242  0.8465  0.8795  0.8785                          1088.86
   5        17  0.7253  0.4799  0.0889  0.7598                            28.8668
   5        18  0.3555  0.6396  0.4176  0.1226                            45.1816
   5        19  0.1199  0.8625  0.6433  0.8498                           431.613
   5        20  0.1269  0.1534  0.7702  0.1905                             9.97233
   5        21  0.2618  0.8459  0.9455  0.9069                          1630.47
   5        22  0.3103  0.8276  0.9655  0.931                           1863.36
   5        23  0.1208  0.1588  0.0806  0.6436                            63.4882
   5        24  0.2632  0.8421  0.8947  0.8947                          1231.09
   5        25  0.2233  0.8352  0.899   0.8881                          1185.09
   5        26  0.0023  0.103   0.0127  0.0159                           162.863
   5        27  0.1063  0.1063  0.1594  0.1063                           161.556
   5        28  0.25    0.875   0.875   0.875                           1182.07
   5        29  0.3226  0.8222  0.9808  0.9355                          2001.66
   5        30  0.5     0.5     0.5     0.5                               32.0025
   5        31  0       0.4737  0.7368  0.9999                           536.197
   5        32  0.2937  0.8323  0.9678  0.9282                          1881.14
   5        33  0.2929  0.3206  0       0.7852                             3.68282
   5        34  0.325   0.325   0.325   0.325                            128.535
   5        35  1       1       1       1                               8662.41
  Fn    Sample      X1      X2      X3      X4      X5  X6    X7    X8            Y
----  --------  ------  ------  ------  ------  ------  ----  ----  ----  ---------
   6         1  0.7282  0.1547  0.7326  0.694   0.0564                    -0.714265
   6         2  0.2424  0.8441  0.5778  0.679   0.502                     -1.20996
   6         3  0.7295  0.7481  0.6798  0.3566  0.6711                    -1.6722
   6         4  0.7706  0.1144  0.0468  0.6483  0.2735                    -1.53606
   6         5  0.6188  0.3318  0.1873  0.7562  0.3288                    -0.829237
   6         6  0.785   0.9107  0.7081  0.9592  0.0049                    -1.24705
   6         7  0.1451  0.8967  0.8963  0.7263  0.2363                    -1.23379
   6         8  0.9451  0.2885  0.9788  0.9617  0.598                     -1.69434
   6         9  0.1257  0.8627  0.0285  0.2466  0.7512                    -2.57117
   6        10  0.7576  0.3558  0.0165  0.4342  0.1124                    -1.30912
   6        11  0.5368  0.3088  0.4119  0.3882  0.5225                    -1.14478
   6        12  0.9577  0.2357  0.0991  0.1568  0.0713                    -1.91268
   6        13  0.6293  0.8035  0.8114  0.0456  0.1106                    -1.62284
   6        14  0.0217  0.4281  0.8359  0.4895  0.5111                    -1.35668
   6        15  0.4393  0.6989  0.4268  0.1095  0.8779                    -2.01843
   6        16  0.2589  0.7937  0.6421  0.1967  0.5931                    -1.70256
   6        17  0.4322  0.7156  0.3418  0.705   0.615                     -1.29425
   6        18  0.7829  0.5363  0.4433  0.8597  0.0103                    -0.935757
   6        19  0.9218  0.9319  0.4149  0.5951  0.7356                    -2.15577
   6        20  0.1267  0.2915  0.0645  0.6805  0.8928                    -1.74688
   6        21  0.4643  0.34    0.4914  0.7497  0.1592                    -0.398505
   6        22  0.0001  0.1429  0.1429  1       0.0001                    -1.52257
   6        23  0.2935  0.0375  0.4682  0.735   0.8709                    -1.46079
   6        24  0.1053  0       0       0.99    0                         -1.61478
   6        25  0.014   0.0548  0.2925  0.9758  0.009                     -1.38457
   6        26  0.4109  0.7389  0.0604  0.3371  0.1513                    -1.41854
   6        27  0.0508  0.0505  0.1358  0.6905  0.0889                    -1.19849
   6        28  0.1111  0.2222  0.2222  0       0                         -1.81119
   6        29  0.1194  0.8696  0.0271  0.2343  0.7636                    -2.72087
   6        30  0.5     0.5     0.5     0.5     0.5                       -0.946679
   6        31  0.4211  0.3158  0.999   1       0.2105                    -0.752721
   6        32  0.9512  0.016   0.9872  0.974   0.0114                    -1.5411
   6        33  0.8484  0.9546  0.2082  0.0752  0.8581                    -2.86828
   6        34  0.3     0.3     0.3     0.3     0.3                       -1.26411
   6        35  0.4444  0.2222  0.6667  0.8889  0.2222                    -0.435026
  Fn    Sample      X1      X2      X3      X4      X5      X6  X7    X8             Y
----  --------  ------  ------  ------  ------  ------  ------  ----  ----  ----------
   7         1  0.2726  0.3245  0.8971  0.833   0.1541  0.7959              0.604433
   7         2  0.543   0.9247  0.3416  0.6465  0.7184  0.3431              0.562753
   7         3  0.0908  0.6615  0.0659  0.2586  0.9635  0.6403              0.00750324
   7         4  0.1189  0.6151  0.9058  0.8553  0.4136  0.5852              0.0614243
   7         5  0.6302  0.8381  0.68    0.7319  0.5267  0.3484              0.273047
   7         6  0.7649  0.2559  0.6091  0.2181  0.3229  0.0958              0.0837466
   7         7  0.0579  0.4917  0.2474  0.2181  0.4204  0.731               1.36497
   7         8  0.1953  0.0792  0.5546  0.1706  0.0149  0.107               0.092645
   7         9  0.6423  0.8369  0.0218  0.1015  0.6831  0.6924              0.0178696
   7        10  0.7899  0.1955  0.5756  0.0737  0.259   0.0511              0.0335649
   7        11  0.5285  0.4574  0.3601  0.362   0.8169  0.6375              0.0735163
   7        12  0.7226  0.0118  0.0636  0.1652  0.0792  0.36                0.20631
   7        13  0.0757  0.3345  0.1327  0.6083  0.9184  0.8223              0.00882563
   7        14  0.9425  0.3774  0.4861  0.2288  0.0826  0.712               0.2684
   7        15  0.1486  0.0339  0.7288  0.3161  0.0218  0.5169              0.611526
   7        16  0.8171  0.5482  0.1033  0.1244  0.7282  0.4497              0.0147982
   7        17  0.4176  0.0641  0.2457  0.559   0.1915  0.2546              0.274893
   7        18  0.7263  0.4649  0.9246  0.8072  0.6354  0.1434              0.0667632
   7        19  0.3198  0.5201  0.2907  0.8767  0.495   0.6191              0.0421184
   7        20  0.8799  0.398   0.0036  0.957   0.2645  0.1149              0.00270147
   7        21  0.5412  0.6314  0.0319  0.45    0.7987  0.6337              0.0182091
   7        22  0.2263  0.115   0.8247  0.9454  0.9053  0.951               0.00701603
   7        23  0.6869  0.041   0.0076  0.285   0.6916  0.6555              0.100507
   7        24  0.176   0.6244  0.2955  0.4696  0.0978  0.7281              0.475396
   7        25  0.8816  0.2045  0.4145  0.4204  0.2649  0.7307              0.675142
   7        26  0.0666  0.528   0.8161  0.961   0.0865  0.7778              0.516457
   7        27  0.9325  0.4888  0.2586  0.9562  0.1904  0.5199              0.00377748
   7        28  0.8469  0.1424  0.0607  0.7563  0.5524  0.0813              0.00313433
   7        29  0.8063  0.3241  0.7261  0.1487  0.7194  0.3629              0.0213425
   7        30  0.4768  0.3409  0.0143  0.8801  0.9987  0.0797              0.0954112
   7        31  0       0.2683  0.4467  0.096   0.2733  0.874               1.38747
   7        32  0.0001  0.4444  0.2222  0.2222  0.4444  0.7778              1.17091
   7        33  0.2672  0.0184  0.0245  0.8589  0.1272  0.5821              0.0505379
   7        34  0       0.2105  0.5263  0.0526  0.3684  0.7895              1.58937
   7        35  0.0863  0.4087  0.2653  0.1415  0.3351  0.6833              1.83422
   7        36  0.0188  0.9227  0.9715  0.397   0.1184  0.8927              0.108739
   7        37  0.5762  0.7474  0.9752  0.7533  0.8531  0.643               0.00793296
   7        38  0       0.4     0.4     0.2     0.4     0.8                 1.61042
   7        39  0.112   0.3882  0.302   0.1344  0.3284  0.6491              1.98465
   7        40  0.5     0.5     0.5     0.5     0.5     0.5                 0.505315
   7        41  0.0714  0.3571  0.3571  0.0714  0.3571  0.6429              1.69919
   7        42  0.1336  0.3965  0.4138  0.0247  0.2909  0.6886              1.5015
   7        43  0.0037  0.9095  0.9964  0.1188  0.2342  0.96                0.111191
   7        44  0.1     0.1     0.1     0.1     0.1     0.1                 0.0698736
   7        45  0       0.8     0.6     0       0.4     0.2                 0.0926552
  Fn    Sample      X1      X2      X3      X4      X5      X6      X7      X8        Y
----  --------  ------  ------  ------  ------  ------  ------  ------  ------  -------
   8         1  0.605   0.2922  0.9085  0.3555  0.2017  0.5753  0.3103  0.7343  7.39872
   8         2  0.178   0.5662  0.9949  0.2103  0.3202  0.7079  0.6354  0.1071  7.00523
   8         3  0.0091  0.8116  0.5205  0.0757  0.2651  0.0917  0.5924  0.3673  8.45948
   8         4  0.506   0.6537  0.3634  0.178   0.0937  0.1974  0.7558  0.2925  8.28401
   8         5  0.3599  0.2491  0.496   0.7092  0.115   0.2892  0.5573  0.5939  8.60612
   8         6  0.7788  0.0034  0.338   0.5195  0.8209  0.5372  0.5513  0.66    8.54175
   8         7  0.9086  0.0622  0.2383  0.7666  0.1323  0.9902  0.6881  0.7425  7.32743
   8         8  0.5864  0.8807  0.745   0.546   0.0096  0.749   0.2309  0.0979  7.29987
   8         9  0.7611  0.8547  0.3821  0.3374  0.6897  0.3099  0.6314  0.042   7.95787
   8        10  0.9849  0.6995  0.9989  0.1801  0.5801  0.2311  0.4908  0.3137  5.59219
   8        11  0.1121  0.4377  0.5966  0.5928  0.227   0.4101  0.9212  0.6748  7.85454
   8        12  0.7919  0.5762  0.6945  0.2834  0.1368  0.2792  0.8428  0.6253  6.79199
   8        13  0.1436  0.9374  0.2323  0.009   0.4146  0.4093  0.5538  0.2058  8.97655
   8        14  0.7699  0.4588  0.559   0.6946  0.5032  0.7283  0.7843  0.6631  7.37908
   8        15  0.0564  0.066   0.0229  0.0388  0.4039  0.8011  0.4883  0.8931  9.59848
   8        16  0.8624  0.4827  0.2819  0.5441  0.8875  0.3827  0.6019  0.4765  8.15998
   8        17  0.3515  0.5901  0.9094  0.6784  0.2128  0.0885  0.4102  0.1957  7.13162
   8        18  0.7359  0.0346  0.728   0.1474  0.2957  0.4451  0.9752  0.3743  6.76796
   8        19  0.6803  0.2551  0.8622  0.1344  0.3263  0.2879  0.435   0.3642  7.43374
   8        20  0.0443  0.0136  0.2582  0.5776  0.0513  0.1586  0.591   0.078   9.01308
   8        21  0.7783  0.7511  0.3141  0.903   0.3354  0.3863  0.749   0.9888  7.31089
   8        22  0.8989  0.5236  0.8768  0.2187  0.9003  0.2828  0.9111  0.4724  5.84107
   8        23  0.1451  0.1193  0.4209  0.3876  0.1554  0.8752  0.5106  0.7286  9.14164
   8        24  0.339   0.5669  0.3768  0.0989  0.6595  0.2455  0.7625  0.7322  8.81756
   8        25  0.1762  0.294   0.9757  0.7939  0.9234  0.0308  0.8033  0.5959  6.45194
   8        26  0.0289  0.0283  0.4814  0.6132  0.6727  0.0221  0.6015  0.5249  8.83075
   8        27  0.1926  0.6307  0.4168  0.4905  0.7961  0.6546  0.2762  0.2955  9.34427
   8        28  0.9432  0.2189  0.7212  0.4246  0.9869  0.5352  0.7147  0.9601  6.88785
   8        29  0.5327  0.8337  0.0714  0.1168  0.7307  0.9374  0.8665  0.1279  8.04221
   8        30  0.4471  0.844   0.7295  0.6392  0.4093  0.1326  0.0359  0.4468  7.69237
   8        31  0.3822  0.5571  0.8531  0.3338  0.2657  0.4809  0.2376  0.7686  7.92376
   8        32  0.5328  0.8623  0.5383  0.0494  0.7197  0.9067  0.1082  0.5253  8.42176
   8        33  0.3949  0.3318  0.7408  0.6979  0.7374  0.7838  0.2545  0.8711  8.27806
   8        34  0.9859  0.8731  0.0704  0.0536  0.7342  0.5203  0.811   0.1034  7.11346
   8        35  0.9646  0.974   0.6638  0.6622  0.6731  0.9052  0.4589  0.5609  6.40259
   8        36  0.4721  0.1682  0.0864  0.4527  0.4806  0.6224  0.929   0.1125  8.47294
   8        37  0.856   0.6389  0.3262  0.6685  0.2403  0.2103  0.1675  0.9636  7.97768
   8        38  0.81    0.635   0.2695  0.8696  0.6619  0.2523  0.7657  0.8905  7.46087
   8        39  0.7963  0.007   0.3557  0.4876  0.7405  0.7067  0.9929  0.3817  7.43659
   8        40  0.4812  0.1025  0.2195  0.6773  0.2475  0.2443  0.1638  0.716   9.18301
   8        41  0.0889  0.2882  0.0443  0.2568  0.6346  0.4591  0.2117  0.5236  9.93101
   8        42  0.0001  0.2222  0.2222  0.2222  0.6667  0.6667  0.2222  0.6667  9.906
   8        43  0.827   0.4244  0.2227  0.9234  0.9337  0.0626  0.8716  0.1205  7.11833
   8        44  0.2     0.2     0.2     0       0.99    0.4     0.2     0.2     9.89625
   8        45  0.0583  0.166   0.1326  0.0213  0.8568  0.5279  0.1939  0.7092  9.97602
   8        46  0.061   0.0819  0.0211  0.0629  0.7061  0.752   0.2148  0.9691  9.86723
   8        47  0.6549  0.8754  0.8753  0.8754  0.765   0.8754  0.8642  0.8641  5.63463
   8        48  0       0.3333  0       0.3333  0.6667  0.3333  0.3333  0.3333  9.78274
   8        49  0.5556  0.8     0.8     0.8222  0.5556  0.9     0.4     0.2     7.07799
   8        50  0.5     0.5     0.5     0.5     0.5     0.5     0.5     0.5     8.7983
   8        51  0.2     0.2     0.2     0       0.99    0.4     0.2     0.2     9.89625
   8        52  0.0108  0.1812  0.0145  0.0561  0.8945  0.4697  0.0147  0.1865  9.84313
   8        53  0.2246  0.2783  0       0.1837  0.6581  0.4686  0.1214  0.4679  9.87553
   8        54  0.26    0.3     0.8     0.95    0.05    0.2     0.36    0.15    7.4969
   8        55  0.3333  0.3333  0.3333  0.3333  0.6667  0.3333  0.3333  0.3333  9.62052